lat	long	pm	aod
25.4	-80.7	5.580392	0.182
26.1	-80.2	7.625882	0.125
26.1	-97.2	11.072	0.157
27.8	-97.5	9.106897	0.122
27.9	-82.7	8.1453195	0.082
28.7	-82.6	6.594118	0.078
29.3	-103.2	5.252941	0.282
29.7	-95.1	10.109246	0.079
30.1	-84.2	6.82449	0.089
30.1	-89.8	5.895349	0.081
30.4	-84.3	9.636842	0.089
30.5	-91.2	10.474766	0.071
30.5	-97.9	6.933333	0.065
30.7	-82.1	6.358824	0.076
31.3	-109.5	7.118182	0.126
31.5	-82.8	8.277966	0.081
31.8	-104.8	7.717778	0.21
31.8	-106.5	10.072072	0.354
32.0	-112.8	4.096	0.237
32.1	-109.5	3.24898	0.214
32.2	-110.7	4.072549	0.178
32.2	-111.2	5.173469	0.226
32.3	-111.0	6.566304	0.178
32.3	-90.2	10.99375	0.06
32.4	-86.3	9.519672	0.07
32.4	-84.9	10.5643445	0.065
32.5	-85.0	11.05	0.065
32.5	-93.7	10.228302	0.048
32.5	-97.0	8.817241	0.074
32.7	-115.5	13.658929	0.18
32.7	-94.2	9.038333	0.049
32.8	-116.9	10.606	0.028
32.8	-83.6	9.486441	0.073
32.8	-96.8	10.18811	0.074
32.8	-96.9	9.798947	0.074
32.9	-79.7	6.964	0.142
33.1	-117.1	11.268333	0.081
33.2	-108.2	2.677083	0.085
33.3	-111.3	3.958	0.172
33.4	-82.0	9.796364	0.05
33.5	-86.9	10.416129	0.055
33.5	-112.1	8.2740925	0.254
33.5	-112.1	8.4016135	0.254
33.5	-117.0	4.318605	0.043
33.5	-104.4	6.792157	0.175
33.5	-105.5	4.152941	0.109
33.6	-86.8	9.3817705	0.055
33.7	-111.1	3.629412	0.172
33.7	-84.3	10.292929	0.072
33.9	-83.4	10.062069	0.065
33.9	-106.9	4.418182	0.187
34.0	-117.4	13.5461585	0.081
34.1	-109.4	2.506818	0.146
34.1	-110.9	3.120455	0.07
34.1	-118.2	12.373276	0.071
34.1	-116.4	3.252941	0.145
34.1	-81.0	9.0875	0.065
34.2	-116.9	3.558824	0.145
34.3	-87.3	5.884314	0.064
34.3	-111.7	3.079167	0.098
34.3	-118.7	7.858209	0.071
34.3	-85.3	10.556667	0.064
34.5	-94.1	5.083333	0.057
34.6	-80.2	8.415254	0.065
34.7	-86.6	9.137705	0.063
34.7	-120.0	4	0.046
34.7	-98.7	5.31	0.055
34.8	-109.9	2.94	0.146
34.8	-92.3	10.838983	0.068
34.8	-118.9	3.62549	0.071
34.8	-118.9	3.15098	0.071
34.8	-84.6	5.22	0.069
34.8	-82.4	10.231148	0.058
35.0	-85.3	9.881967	0.064
35.1	-112.0	3.661702	0.146
35.1	-106.6	5.753535	0.137
35.1	-85.3	9.932727	0.059
35.1	-87.5	8.815254	0.054
35.2	-80.8	9.422414	0.062
35.2	-90.0	10.9891305	0.083
35.2	-89.9	9.578261	0.083
35.4	-119.0	15.641562	0.058
35.4	-82.8	3.426	0.054
35.5	-76.2	5.717391	0.079
35.6	-113.5	5.965625	0.116
35.6	-82.6	8.756667	0.054
35.6	-80.4	9.965	0.062
35.6	-97.5	7.933333	0.062
35.6	-83.9	5.044681	0.054
35.7	-81.4	10.108772	0.058
35.8	-93.2	5.732	0.059
35.8	-106.3	2.945098	0.137
35.8	-80.3	9.807018	0.062
35.8	-94.7	7.432	0.072
35.9	-78.6	9.349123	0.067
36.0	-112.0	2.178	0.146
36.0	-114.1	2.966667	0.282
36.0	-106.8	2.511628	0.137
36.0	-81.9	4.851064	0.058
36.0	-83.9	9.868852	0.054
36.1	-112.1	1.793939	0.072
36.1	-115.1	7.716842	0.322
36.1	-80.2	9.280357	0.049
36.1	-99.9	5.006122	0.071
36.2	-96.0	9.3875	0.086
36.2	-86.7	9.914754	0.076
36.3	-119.3	18.457143	0.103
36.5	-116.8	1.990909	0.318
36.5	-121.2	3.964706	0.023
36.5	-118.8	5.407843	0.072
36.6	-92.9	6.080392	0.059
36.6	-105.5	2.104444	0.087
36.8	-119.8	14.0485435	0.103
36.8	-119.8	15.95042	0.103
37.0	-90.1	6.846	0.101
37.1	-86.1	6.317647	0.07
37.2	-119.2	2.537255	0.058
37.2	-108.5	3.3895835	0.073
37.2	-113.2	2.530612	0.125
37.3	-121.9	11.257426	0.053
37.3	-107.5	3.62549	0.064
37.6	-121.0	14.814754	0.066
37.6	-112.2	2.022	0.076
37.6	-77.4	9.378947	0.058
37.6	-79.5	6.027451	0.042
37.7	-121.8	9.231667	0.053
37.7	-119.7	2.6552085	0.058
37.7	-105.5	3.154902	0.151
37.7	-107.8	2.713725	0.064
37.7	-97.3	8.855932	0.084
37.7	-94.0	6.611765	0.08
37.8	-122.3	9.318033	0.076
37.9	-90.4	9.35812	0.07
38.0	-87.6	10.303333	0.091
38.1	-122.9	5.76383	0.025
38.1	-119.2	2.045455	0.159
38.1	-122.2	8.909836	0.025
38.1	-84.5	9.354098	0.081
38.2	-83.0	8.031667	0.065
38.2	-85.7	11.2147485	0.075
38.3	-85.7	11.470175	0.075
38.3	-111.3	2.278431	0.126
38.4	-86.9	10.669492	0.072
38.4	-96.6	6.054	0.092
38.4	-90.4	9.106612	0.101
38.4	-81.7	9.08627	0.054
38.4	-81.7	9.742105	0.054
38.5	-90.0	9.454098	0.12
38.5	-82.6	10.311849	0.065
38.5	-82.7	11.166071	0.065
38.5	-109.8	2.439216	0.071
38.5	-78.4	4.616667	0.056
38.6	-121.4	11.302377	0.075
38.6	-121.5	10.54	0.075
38.7	-90.1	6.1996945	0.101
38.7	-90.2	10.772346	0.101
38.8	-90.1	10.181667	0.101
38.8	-99.8	5.302	0.097
38.9	-77.0	8.28825	0.09
38.9	-77.0	9.5825	0.09
39.0	-120.1	1.763415	0.041
39.0	-114.2	1.944186	0.187
39.1	-94.6	10.665306	0.096
39.1	-76.9	8.659821	0.088
39.1	-84.5	10.5875	0.114
39.1	-79.4	4.605882	0.048
39.2	-106.8	1.74902	0.072
39.2	-75.5	8.479661	0.107
39.3	-76.5	10.581319	0.088
39.3	-94.4	9.0525	0.096
39.5	-119.8	9.663025	0.204
39.5	-74.4	5.781633	0.095
39.7	-75.6	9.276744	0.107
39.7	-79.0	5.154902	0.06
39.8	-121.8	10.221311	0.044
39.8	-120.5	17.757931	0.053
39.8	-120.5	22.275862	0.053
39.8	-104.9	9.2482585	0.132
39.8	-105.0	7.877551	0.132
39.8	-86.1	10.921505	0.102
39.8	-84.2	10.345263	0.114
39.8	-84.7	9.682051	0.114
39.8	-75.8	10.103333	0.107
39.9	-107.6	1.798039	0.071
39.9	-75.1	10.564368	0.107
39.9	-81.3	6.74902	0.062
39.9	-77.3	8.575439	0.078
39.9	-75.2	10.495	0.107
39.9	-80.7	11.460345	0.06
40.0	-85.5	9.647368	0.12
40.0	-76.3	11.584746	0.088
40.0	-75.1	10.02381	0.107
40.0	-75.0	9.283146	0.095
40.0	-76.7	10.483051	0.088
40.1	-88.4	7.954902	0.09
40.1	-83.0	10.872131	0.111
40.2	-104.8	8.357895	0.118
40.2	-76.8	11.996552	0.088
40.3	-105.5	1.860417	0.103
40.3	-80.6	15.764286	0.078
40.3	-79.9	12.603279	0.075
40.3	-78.9	11.419672	0.048
40.3	-79.5	10.301639	0.075
40.3	-111.7	11.496667	0.105
40.4	-80.6	22.225	0.078
40.4	-76.0	9.603333	0.09
40.4	-80.4	9.256897	0.078
40.5	-121.6	1.564	0.03
40.5	-106.7	1.594	0.073
40.5	-74.4	9.371732	0.099
40.5	-80.0	10.930303	0.075
40.6	-74.2	11.266667	0.099
40.6	-75.3	10.062295	0.09
40.7	-92.0	6.380392	0.082
40.7	-74.2	9.863265	0.099
40.7	-74.0	10.0538755	0.139
40.7	-73.8	8.980165	0.139
40.7	-111.9	10.84	0.105
40.8	-122.8	1.472	0.028
40.8	-74.7	7.627551	0.099
40.8	-81.4	11.088136	0.086
40.8	-77.9	8.47069	0.059
40.9	-111.9	10.015	0.105
41.0	-95.0	6.828	0.083
41.1	-80.7	11.633333	0.093
41.1	-81.5	13.771698	0.114
41.2	-96.0	9.262	0.117
41.2	-104.8	3.961062	0.193
41.3	-72.9	9.182105	0.08
41.3	-70.8	4.693878	0.099
41.4	-75.6	8.816667	0.061
41.5	-90.6	10.222124	0.108
41.5	-81.7	13.47396475	0.114
41.5	-81.7	14.4233685	0.114
41.5	-82.1	10.243103	0.123
41.6	-124.1	2.544	0.103
41.6	-87.3	11.272881	0.125
41.6	-93.6	8.320339	0.084
41.6	-83.6	10.68	0.127
41.7	-121.5	1.45098	0.056
41.7	-86.0	10.135593	0.107
41.8	-73.3	3.503922	0.065
41.8	-87.7	10.58	0.125
41.8	-88.2	9.208475	0.1
41.8	-83.5	9.863636	0.127
41.8	-102.4	2.960784	0.148
41.8	-71.4	7.155833	0.081
41.9	-87.7	10.763333	0.125
41.9	-83.3	8.976	0.127
41.9	-100.3	3.646	0.127
41.9	-115.4	1.752941	0.143
42.0	-91.7	9.578333	0.105
42.0	-70.0	4.822222	0.147
42.0	-83.9	8.693103	0.127
42.1	-87.8	8.975581	0.13
42.1	-77.2	6.617476	0.045
42.1	-123.7	2.181818	0.049
42.1	-80.0	8.493333	0.081
42.2	-72.6	7.630508	0.047
42.2	-83.2	9.5725	0.107
42.3	-72.3	3.584314	0.047
42.3	-71.1	7.963429	0.06
42.3	-83.1	11.6525425	0.107
42.3	-83.1	11.155932	0.107
42.6	-73.8	8.391379	0.051
42.8	-109.6	1.622917	0.142
42.9	-71.9	3.5579575	0.06
42.9	-71.4	4.331915	0.06
42.9	-78.8	10.418644	0.063
42.9	-122.1	1.019608	0.042
43.0	-85.7	9.293617	0.058
43.0	-82.5	10.134426	0.153
43.0	-72.9	2.91	0.047
43.0	-88.2	9.289474	0.101
43.0	-109.8	1.725	0.142
43.1	-77.5	7.581481	0.092
43.1	-87.9	9.7575	0.126
43.5	-113.6	1.808511	0.135
43.5	-96.7	8.056731	0.111
43.5	-88.6	8.376271	0.109
43.6	-116.3	11.983621	0.176
43.6	-103.5	2.234043	0.161
43.7	-96.2	7.091667	0.111
43.7	-101.9	2.377551	0.157
43.8	-70.1	3.775	0.079
43.9	-91.4	5.429412	0.087
44.0	-92.5	8.457377	0.076
44.1	-70.7	3.009804	0.04
44.2	-114.9	1.460465	0.138
44.2	-122.0	1.146	0.076
44.3	-84.9	6.195	0.074
44.3	-71.2	2.556863	0.042
44.3	-107.0	1.578378	0.156
44.4	-68.3	2.909804	0.066
44.4	-73.9	4.886667	0.052
44.5	-72.9	3.15	0.05
44.5	-73.2	6.381915	0.052
44.5	-88.0	8.031148	0.134
44.6	-110.4	1.454348	0.073
44.7	-105.3	2.462791	0.142
44.7	-109.4	1.65	0.192
44.9	-68.6	3.983333	0.066
45.0	-93.3	8.853097	0.082
45.1	-67.3	2.581818	0.032
45.1	-93.2	8.594915	0.078
45.1	-116.8	3.204082	0.079
45.2	-118.5	2.454902	0.081
45.2	-90.6	6.74	0.074
45.3	-121.8	1.3	0.049
45.5	-122.6	7.887129	0.028
45.6	-106.6	2.052	0.127
45.6	-122.6	11.01125	0.028
45.6	-122.6	14.7	0.028
45.7	-121.0	3.792157	0.09
45.9	-114.0	1.217391	0.108
46.0	-112.5	9.668657	0.167
46.3	-86.0	2.554167	0.078
46.6	-121.4	0.83	0.039
46.6	-120.5	9.285965	0.095
46.7	-68.0	3.390196	0.022
46.8	-111.7	1.259184	0.152
46.8	-122.1	1.794118	0.017
46.9	-112.0	3.816	0.152
46.9	-103.4	3.147826	0.134
46.9	-96.9	8.290756	0.081
47.1	-113.2	1.356	0.077
47.2	-122.5	9.443636	0.029
47.4	-121.4	1.266	0.031
47.6	-108.7	2.089583	0.18
47.6	-122.3	5.628196	0.029
47.8	-114.3	1.477551	0.101
47.9	-89.2	2.286275	0.104
47.9	-91.5	2.669767	0.076
48.0	-115.7	1.454902	0.049
48.0	-123.0	1.695294	0.029
48.1	-122.2	9.815517	0.043
48.3	-105.1	3.323256	0.122
48.3	-124.6	1.6	0.097
48.4	-92.8	2.633333	0.088
48.4	-119.9	1.026	0.076
48.5	-114.0	2.298039	0.181
48.5	-104.5	3.674468	0.121
48.6	-102.4	4.50625	0.136
48.7	-121.1	1.012766	0.043
55.3	-160.5	2.537778	0.111
60.0	-152.7	1.410204	0.11
62.3	-150.3	1.307653	0.11
63.7	-149.0	1.372549	0.109
64.8	-147.7	16.115351	0.109
64.8	-147.7	31.271345	0.105
66.9	-151.5	1.765909	0.101
