********** Monthly MOD08_M3.051 product **********
Selected Application: latlonplot 
Aerosol Optical Depth at 550 nm [unitless] (Optical_Depth_Land_And_Ocean_Mean_Mean)
Selected time period: Jan2013 - Dec2013
Fill value:  -9999.0
User selected area:  (Lat: 23.0N - 55.0N) (Lon: 130.0W - 60.0W)
Actual output area:  (Lat: 23.5N - 54.5N) (Lon: 129.5W - 60.5W)
latitude     longitude      Optical_Depth_Land_And_Ocean_Mean_Mean
(degrees)    (degrees)      [unitless]
23.500     -129.500           0.093
23.500     -128.500           0.103
23.500     -127.500           0.104
23.500     -126.500           0.115
23.500     -125.500           0.110
23.500     -124.500           0.110
23.500     -123.500           0.117
23.500     -122.500           0.124
23.500     -121.500           0.119
23.500     -120.500           0.103
23.500     -119.500           0.110
23.500     -118.500           0.120
23.500     -117.500           0.098
23.500     -116.500           0.094
23.500     -115.500           0.126
23.500     -114.500           0.112
23.500     -113.500           0.100
23.500     -112.500           0.108
23.500     -111.500           0.105
23.500     -110.500           0.100
23.500     -109.500           0.067
23.500     -108.500           0.110
23.500     -107.500           0.117
23.500     -106.500           0.069
23.500     -105.500           0.042
23.500     -104.500           0.056
23.500     -103.500           0.045
23.500     -102.500           0.061
23.500     -101.500           0.149
23.500     -100.500           0.167
23.500      -99.500           0.067
23.500      -98.500           0.107
23.500      -97.500           0.191
23.500      -96.500           0.236
23.500      -95.500           0.228
23.500      -94.500           0.227
23.500      -93.500           0.220
23.500      -92.500           0.204
23.500      -91.500           0.201
23.500      -90.500           0.165
23.500      -89.500           0.158
23.500      -88.500           0.166
23.500      -87.500           0.160
23.500      -86.500           0.160
23.500      -85.500           0.145
23.500      -84.500           0.134
23.500      -83.500           0.140
23.500      -82.500           0.141
23.500      -81.500           0.135
23.500      -80.500           0.161
23.500      -79.500           0.151
23.500      -78.500           0.167
23.500      -77.500           0.152
23.500      -76.500           0.140
23.500      -75.500           0.138
23.500      -74.500           0.136
23.500      -73.500           0.137
23.500      -72.500           0.139
23.500      -71.500           0.137
23.500      -70.500           0.134
23.500      -69.500           0.137
23.500      -68.500           0.120
23.500      -67.500           0.129
23.500      -66.500           0.127
23.500      -65.500           0.129
23.500      -64.500           0.126
23.500      -63.500           0.133
23.500      -62.500           0.136
23.500      -61.500           0.135
23.500      -60.500           0.150
24.500     -129.500           0.088
24.500     -128.500           0.093
24.500     -127.500           0.103
24.500     -126.500           0.105
24.500     -125.500           0.105
24.500     -124.500           0.102
24.500     -123.500           0.119
24.500     -122.500           0.112
24.500     -121.500           0.126
24.500     -120.500           0.124
24.500     -119.500           0.119
24.500     -118.500           0.106
24.500     -117.500           0.106
24.500     -116.500           0.115
24.500     -115.500           0.125
24.500     -114.500           0.114
24.500     -113.500           0.103
24.500     -112.500           0.101
24.500     -111.500           0.173
24.500     -110.500           0.175
24.500     -109.500           0.104
24.500     -108.500           0.109
24.500     -107.500           0.108
24.500     -106.500           0.038
24.500     -105.500           0.037
24.500     -104.500           0.064
24.500     -103.500           0.112
24.500     -102.500           0.218
24.500     -101.500           0.230
24.500     -100.500           0.171
24.500      -99.500           0.064
24.500      -98.500           0.097
24.500      -97.500           0.204
24.500      -96.500           0.214
24.500      -95.500           0.217
24.500      -94.500           0.214
24.500      -93.500           0.201
24.500      -92.500           0.187
24.500      -91.500           0.185
24.500      -90.500           0.165
24.500      -89.500           0.151
24.500      -88.500           0.150
24.500      -87.500           0.150
24.500      -86.500           0.151
24.500      -85.500           0.155
24.500      -84.500           0.149
24.500      -83.500           0.150
24.500      -82.500           0.149
24.500      -81.500           0.151
24.500      -80.500           0.152
24.500      -79.500           0.139
24.500      -78.500           0.137
24.500      -77.500           0.142
24.500      -76.500           0.130
24.500      -75.500           0.128
24.500      -74.500           0.133
24.500      -73.500           0.130
24.500      -72.500           0.126
24.500      -71.500           0.122
24.500      -70.500           0.122
24.500      -69.500           0.124
24.500      -68.500           0.113
24.500      -67.500           0.114
24.500      -66.500           0.116
24.500      -65.500           0.117
24.500      -64.500           0.121
24.500      -63.500           0.124
24.500      -62.500           0.119
24.500      -61.500           0.121
24.500      -60.500           0.130
25.500     -129.500           0.092
25.500     -128.500           0.089
25.500     -127.500           0.100
25.500     -126.500           0.111
25.500     -125.500           0.108
25.500     -124.500           0.106
25.500     -123.500           0.117
25.500     -122.500           0.114
25.500     -121.500           0.127
25.500     -120.500           0.109
25.500     -119.500           0.105
25.500     -118.500           0.110
25.500     -117.500           0.095
25.500     -116.500           0.108
25.500     -115.500           0.121
25.500     -114.500           0.120
25.500     -113.500           0.099
25.500     -112.500           0.089
25.500     -111.500           0.146
25.500     -110.500           0.103
25.500     -109.500           0.111
25.500     -108.500           0.116
25.500     -107.500           0.035
25.500     -106.500           0.031
25.500     -105.500           0.072
25.500     -104.500           0.117
25.500     -103.500           0.234
25.500     -102.500           0.333
25.500     -101.500           0.181
25.500     -100.500           0.077
25.500      -99.500           0.081
25.500      -98.500           0.145
25.500      -97.500           0.198
25.500      -96.500           0.197
25.500      -95.500           0.197
25.500      -94.500           0.193
25.500      -93.500           0.187
25.500      -92.500           0.180
25.500      -91.500           0.176
25.500      -90.500           0.162
25.500      -89.500           0.150
25.500      -88.500           0.153
25.500      -87.500           0.151
25.500      -86.500           0.148
25.500      -85.500           0.155
25.500      -84.500           0.156
25.500      -83.500           0.141
25.500      -82.500           0.139
25.500      -81.500           0.129
25.500      -80.500           0.182
25.500      -79.500           0.135
25.500      -78.500           0.135
25.500      -77.500           0.139
25.500      -76.500           0.130
25.500      -75.500           0.121
25.500      -74.500           0.128
25.500      -73.500           0.124
25.500      -72.500           0.121
25.500      -71.500           0.120
25.500      -70.500           0.114
25.500      -69.500           0.110
25.500      -68.500           0.113
25.500      -67.500           0.113
25.500      -66.500           0.116
25.500      -65.500           0.113
25.500      -64.500           0.112
25.500      -63.500           0.110
25.500      -62.500           0.108
25.500      -61.500           0.109
25.500      -60.500           0.121
26.500     -129.500           0.097
26.500     -128.500           0.105
26.500     -127.500           0.100
26.500     -126.500           0.099
26.500     -125.500           0.101
26.500     -124.500           0.107
26.500     -123.500           0.107
26.500     -122.500           0.113
26.500     -121.500           0.126
26.500     -120.500           0.102
26.500     -119.500           0.104
26.500     -118.500           0.108
26.500     -117.500           0.106
26.500     -116.500           0.105
26.500     -115.500           0.123
26.500     -114.500           0.102
26.500     -113.500           0.090
26.500     -112.500           0.137
26.500     -111.500           0.158
26.500     -110.500           0.096
26.500     -109.500           0.100
26.500     -108.500           0.028
26.500     -107.500           0.025
26.500     -106.500           0.049
26.500     -105.500           0.077
26.500     -104.500           0.221
26.500     -103.500           0.331
26.500     -102.500           0.287
26.500     -101.500           0.181
26.500     -100.500           0.136
26.500      -99.500           0.107
26.500      -98.500           0.128
26.500      -97.500           0.157
26.500      -96.500           0.186
26.500      -95.500           0.176
26.500      -94.500           0.182
26.500      -93.500           0.171
26.500      -92.500           0.170
26.500      -91.500           0.167
26.500      -90.500           0.161
26.500      -89.500           0.154
26.500      -88.500           0.152
26.500      -87.500           0.157
26.500      -86.500           0.153
26.500      -85.500           0.151
26.500      -84.500           0.146
26.500      -83.500           0.134
26.500      -82.500           0.122
26.500      -81.500           0.078
26.500      -80.500           0.125
26.500      -79.500           0.132
26.500      -78.500           0.135
26.500      -77.500           0.129
26.500      -76.500           0.128
26.500      -75.500           0.118
26.500      -74.500           0.118
26.500      -73.500           0.117
26.500      -72.500           0.115
26.500      -71.500           0.120
26.500      -70.500           0.115
26.500      -69.500           0.110
26.500      -68.500           0.113
26.500      -67.500           0.110
26.500      -66.500           0.115
26.500      -65.500           0.110
26.500      -64.500           0.110
26.500      -63.500           0.109
26.500      -62.500           0.109
26.500      -61.500           0.105
26.500      -60.500           0.105
27.500     -129.500           0.105
27.500     -128.500           0.106
27.500     -127.500           0.103
27.500     -126.500           0.109
27.500     -125.500           0.108
27.500     -124.500           0.106
27.500     -123.500           0.102
27.500     -122.500           0.110
27.500     -121.500           0.117
27.500     -120.500           0.093
27.500     -119.500           0.102
27.500     -118.500           0.113
27.500     -117.500           0.124
27.500     -116.500           0.118
27.500     -115.500           0.114
27.500     -114.500           0.110
27.500     -113.500           0.131
27.500     -112.500           0.172
27.500     -111.500           0.093
27.500     -110.500           0.099
27.500     -109.500           0.047
27.500     -108.500           0.025
27.500     -107.500           0.044
27.500     -106.500           0.076
27.500     -105.500           0.157
27.500     -104.500           0.235
27.500     -103.500           0.351
27.500     -102.500           0.241
27.500     -101.500           0.163
27.500     -100.500           0.171
27.500      -99.500           0.131
27.500      -98.500           0.098
27.500      -97.500           0.122
27.500      -96.500           0.170
27.500      -95.500           0.169
27.500      -94.500           0.166
27.500      -93.500           0.162
27.500      -92.500           0.164
27.500      -91.500           0.157
27.500      -90.500           0.162
27.500      -89.500           0.154
27.500      -88.500           0.151
27.500      -87.500           0.153
27.500      -86.500           0.148
27.500      -85.500           0.148
27.500      -84.500           0.142
27.500      -83.500           0.137
27.500      -82.500           0.082
27.500      -81.500           0.047
27.500      -80.500           0.087
27.500      -79.500           0.134
27.500      -78.500           0.132
27.500      -77.500           0.134
27.500      -76.500           0.133
27.500      -75.500           0.128
27.500      -74.500           0.122
27.500      -73.500           0.121
27.500      -72.500           0.114
27.500      -71.500           0.110
27.500      -70.500           0.112
27.500      -69.500           0.109
27.500      -68.500           0.105
27.500      -67.500           0.107
27.500      -66.500           0.113
27.500      -65.500           0.111
27.500      -64.500           0.110
27.500      -63.500           0.110
27.500      -62.500           0.109
27.500      -61.500           0.109
27.500      -60.500           0.105
28.500     -129.500           0.101
28.500     -128.500           0.100
28.500     -127.500           0.100
28.500     -126.500           0.107
28.500     -125.500           0.100
28.500     -124.500           0.106
28.500     -123.500           0.111
28.500     -122.500           0.114
28.500     -121.500           0.113
28.500     -120.500           0.096
28.500     -119.500           0.105
28.500     -118.500           0.114
28.500     -117.500           0.114
28.500     -116.500           0.114
28.500     -115.500           0.110
28.500     -114.500           0.104
28.500     -113.500           0.160
28.500     -112.500           0.119
28.500     -111.500           0.120
28.500     -110.500           0.070
28.500     -109.500           0.015
28.500     -108.500           0.021
28.500     -107.500           0.035
28.500     -106.500           0.082
28.500     -105.500           0.188
28.500     -104.500           0.161
28.500     -103.500           0.275
28.500     -102.500           0.205
28.500     -101.500           0.112
28.500     -100.500           0.135
28.500      -99.500           0.082
28.500      -98.500           0.091
28.500      -97.500           0.057
28.500      -96.500           0.102
28.500      -95.500           0.149
28.500      -94.500           0.156
28.500      -93.500           0.156
28.500      -92.500           0.143
28.500      -91.500           0.178
28.500      -90.500           0.158
28.500      -89.500           0.150
28.500      -88.500           0.146
28.500      -87.500           0.147
28.500      -86.500           0.142
28.500      -85.500           0.142
28.500      -84.500           0.137
28.500      -83.500           0.132
28.500      -82.500           0.078
28.500      -81.500           0.055
28.500      -80.500           0.106
28.500      -79.500           0.133
28.500      -78.500           0.132
28.500      -77.500           0.138
28.500      -76.500           0.138
28.500      -75.500           0.127
28.500      -74.500           0.123
28.500      -73.500           0.121
28.500      -72.500           0.114
28.500      -71.500           0.113
28.500      -70.500           0.115
28.500      -69.500           0.109
28.500      -68.500           0.103
28.500      -67.500           0.107
28.500      -66.500           0.112
28.500      -65.500           0.115
28.500      -64.500           0.109
28.500      -63.500           0.107
28.500      -62.500           0.105
28.500      -61.500           0.108
28.500      -60.500           0.108
29.500     -129.500           0.097
29.500     -128.500           0.103
29.500     -127.500           0.102
29.500     -126.500           0.103
29.500     -125.500           0.098
29.500     -124.500           0.099
29.500     -123.500           0.115
29.500     -122.500           0.110
29.500     -121.500           0.096
29.500     -120.500           0.098
29.500     -119.500           0.104
29.500     -118.500           0.105
29.500     -117.500           0.109
29.500     -116.500           0.107
29.500     -115.500           0.089
29.500     -114.500           0.104
29.500     -113.500           0.088
29.500     -112.500           0.138
29.500     -111.500           0.144
29.500     -110.500           0.073
29.500     -109.500           0.049
29.500     -108.500           0.027
29.500     -107.500           0.055
29.500     -106.500           0.090
29.500     -105.500           0.285
29.500     -104.500           0.320
29.500     -103.500           0.282
29.500     -102.500           0.249
29.500     -101.500           0.246
29.500     -100.500           0.121
29.500      -99.500           0.052
29.500      -98.500           0.065
29.500      -97.500           0.058
29.500      -96.500           0.050
29.500      -95.500           0.079
29.500      -94.500           0.119
29.500      -93.500           0.141
29.500      -92.500           0.132
29.500      -91.500           0.160
29.500      -90.500           0.111
29.500      -89.500           0.166
29.500      -88.500           0.143
29.500      -87.500           0.150
29.500      -86.500           0.145
29.500      -85.500           0.135
29.500      -84.500           0.126
29.500      -83.500           0.097
29.500      -82.500           0.055
29.500      -81.500           0.067
29.500      -80.500           0.127
29.500      -79.500           0.132
29.500      -78.500           0.137
29.500      -77.500           0.135
29.500      -76.500           0.140
29.500      -75.500           0.129
29.500      -74.500           0.129
29.500      -73.500           0.125
29.500      -72.500           0.121
29.500      -71.500           0.116
29.500      -70.500           0.109
29.500      -69.500           0.110
29.500      -68.500           0.104
29.500      -67.500           0.103
29.500      -66.500           0.107
29.500      -65.500           0.111
29.500      -64.500           0.107
29.500      -63.500           0.112
29.500      -62.500           0.115
29.500      -61.500           0.114
29.500      -60.500           0.111
30.500     -129.500           0.102
30.500     -128.500           0.102
30.500     -127.500           0.105
30.500     -126.500           0.101
30.500     -125.500           0.101
30.500     -124.500           0.108
30.500     -123.500           0.114
30.500     -122.500           0.115
30.500     -121.500           0.101
30.500     -120.500           0.107
30.500     -119.500           0.107
30.500     -118.500           0.107
30.500     -117.500           0.121
30.500     -116.500           0.096
30.500     -115.500           0.069
30.500     -114.500           0.125
30.500     -113.500           0.090
30.500     -112.500           0.294
30.500     -111.500           0.177
30.500     -110.500           0.086
30.500     -109.500           0.104
30.500     -108.500           0.076
30.500     -107.500           0.156
30.500     -106.500           0.191
30.500     -105.500           0.308
30.500     -104.500           0.215
30.500     -103.500           0.143
30.500     -102.500           0.265
30.500     -101.500           0.222
30.500     -100.500           0.137
30.500      -99.500           0.073
30.500      -98.500           0.048
30.500      -97.500           0.065
30.500      -96.500           0.058
30.500      -95.500           0.063
30.500      -94.500           0.061
30.500      -93.500           0.063
30.500      -92.500           0.076
30.500      -91.500           0.071
30.500      -90.500           0.075
30.500      -89.500           0.081
30.500      -88.500           0.098
30.500      -87.500           0.097
30.500      -86.500           0.108
30.500      -85.500           0.073
30.500      -84.500           0.089
30.500      -83.500           0.076
30.500      -82.500           0.076
30.500      -81.500           0.107
30.500      -80.500           0.132
30.500      -79.500           0.135
30.500      -78.500           0.141
30.500      -77.500           0.141
30.500      -76.500           0.135
30.500      -75.500           0.129
30.500      -74.500           0.124
30.500      -73.500           0.122
30.500      -72.500           0.126
30.500      -71.500           0.124
30.500      -70.500           0.117
30.500      -69.500           0.113
30.500      -68.500           0.113
30.500      -67.500           0.112
30.500      -66.500           0.114
30.500      -65.500           0.115
30.500      -64.500           0.117
30.500      -63.500           0.116
30.500      -62.500           0.115
30.500      -61.500           0.114
30.500      -60.500           0.119
31.500     -129.500           0.107
31.500     -128.500           0.107
31.500     -127.500           0.112
31.500     -126.500           0.109
31.500     -125.500           0.108
31.500     -124.500           0.105
31.500     -123.500           0.118
31.500     -122.500           0.123
31.500     -121.500           0.107
31.500     -120.500           0.121
31.500     -119.500           0.110
31.500     -118.500           0.112
31.500     -117.500           0.106
31.500     -116.500           0.035
31.500     -115.500           0.081
31.500     -114.500           0.102
31.500     -113.500           0.133
31.500     -112.500           0.237
31.500     -111.500           0.149
31.500     -110.500           0.111
31.500     -109.500           0.126
31.500     -108.500           0.158
31.500     -107.500           0.226
31.500     -106.500           0.354
31.500     -105.500           0.317
31.500     -104.500           0.210
31.500     -103.500           0.196
31.500     -102.500           0.223
31.500     -101.500           0.182
31.500     -100.500           0.112
31.500      -99.500           0.058
31.500      -98.500           0.049
31.500      -97.500           0.057
31.500      -96.500           0.051
31.500      -95.500           0.049
31.500      -94.500           0.053
31.500      -93.500           0.053
31.500      -92.500           0.053
31.500      -91.500           0.052
31.500      -90.500           0.052
31.500      -89.500           0.058
31.500      -88.500           0.059
31.500      -87.500           0.068
31.500      -86.500           0.075
31.500      -85.500           0.072
31.500      -84.500           0.069
31.500      -83.500           0.079
31.500      -82.500           0.081
31.500      -81.500           0.108
31.500      -80.500           0.133
31.500      -79.500           0.141
31.500      -78.500           0.146
31.500      -77.500           0.139
31.500      -76.500           0.134
31.500      -75.500           0.128
31.500      -74.500           0.126
31.500      -73.500           0.122
31.500      -72.500           0.127
31.500      -71.500           0.121
31.500      -70.500           0.125
31.500      -69.500           0.124
31.500      -68.500           0.116
31.500      -67.500           0.117
31.500      -66.500           0.121
31.500      -65.500           0.123
31.500      -64.500           0.125
31.500      -63.500           0.122
31.500      -62.500           0.122
31.500      -61.500           0.121
31.500      -60.500           0.127
32.500     -129.500           0.108
32.500     -128.500           0.111
32.500     -127.500           0.119
32.500     -126.500           0.112
32.500     -125.500           0.108
32.500     -124.500           0.115
32.500     -123.500           0.116
32.500     -122.500           0.114
32.500     -121.500           0.120
32.500     -120.500           0.109
32.500     -119.500           0.106
32.500     -118.500           0.102
32.500     -117.500           0.115
32.500     -116.500           0.028
32.500     -115.500           0.180
32.500     -114.500           0.210
32.500     -113.500           0.243
32.500     -112.500           0.255
32.500     -111.500           0.226
32.500     -110.500           0.178
32.500     -109.500           0.214
32.500     -108.500           0.157
32.500     -107.500           0.224
32.500     -106.500           0.244
32.500     -105.500           0.115
32.500     -104.500           0.198
32.500     -103.500           0.114
32.500     -102.500           0.054
32.500     -101.500           0.094
32.500     -100.500           0.067
32.500      -99.500           0.045
32.500      -98.500           0.042
32.500      -97.500           0.072
32.500      -96.500           0.074
32.500      -95.500           0.053
32.500      -94.500           0.049
32.500      -93.500           0.048
32.500      -92.500           0.052
32.500      -91.500           0.068
32.500      -90.500           0.060
32.500      -89.500           0.068
32.500      -88.500           0.067
32.500      -87.500           0.071
32.500      -86.500           0.070
32.500      -85.500           0.063
32.500      -84.500           0.065
32.500      -83.500           0.073
32.500      -82.500           0.071
32.500      -81.500           0.076
32.500      -80.500           0.119
32.500      -79.500           0.142
32.500      -78.500           0.138
32.500      -77.500           0.140
32.500      -76.500           0.137
32.500      -75.500           0.144
32.500      -74.500           0.141
32.500      -73.500           0.136
32.500      -72.500           0.129
32.500      -71.500           0.123
32.500      -70.500           0.126
32.500      -69.500           0.126
32.500      -68.500           0.122
32.500      -67.500           0.126
32.500      -66.500           0.130
32.500      -65.500           0.127
32.500      -64.500           0.131
32.500      -63.500           0.130
32.500      -62.500           0.134
32.500      -61.500           0.130
32.500      -60.500           0.133
33.500     -129.500           0.119
33.500     -128.500           0.114
33.500     -127.500           0.123
33.500     -126.500           0.123
33.500     -125.500           0.119
33.500     -124.500           0.123
33.500     -123.500           0.115
33.500     -122.500           0.112
33.500     -121.500           0.143
33.500     -120.500           0.117
33.500     -119.500           0.108
33.500     -118.500           0.183
33.500     -117.500           0.081
33.500     -116.500           0.043
33.500     -115.500           0.164
33.500     -114.500           0.266
33.500     -113.500           0.296
33.500     -112.500           0.254
33.500     -111.500           0.172
33.500     -110.500           0.119
33.500     -109.500           0.103
33.500     -108.500           0.085
33.500     -107.500           0.154
33.500     -106.500           0.187
33.500     -105.500           0.109
33.500     -104.500           0.175
33.500     -103.500           0.084
33.500     -102.500           0.060
33.500     -101.500           0.069
33.500     -100.500           0.070
33.500      -99.500           0.058
33.500      -98.500           0.047
33.500      -97.500           0.061
33.500      -96.500           0.068
33.500      -95.500           0.057
33.500      -94.500           0.058
33.500      -93.500           0.053
33.500      -92.500           0.056
33.500      -91.500           0.077
33.500      -90.500           0.118
33.500      -89.500           0.057
33.500      -88.500           0.069
33.500      -87.500           0.060
33.500      -86.500           0.055
33.500      -85.500           0.045
33.500      -84.500           0.072
33.500      -83.500           0.065
33.500      -82.500           0.056
33.500      -81.500           0.050
33.500      -80.500           0.061
33.500      -79.500           0.070
33.500      -78.500           0.130
33.500      -77.500           0.138
33.500      -76.500           0.136
33.500      -75.500           0.140
33.500      -74.500           0.142
33.500      -73.500           0.149
33.500      -72.500           0.144
33.500      -71.500           0.134
33.500      -70.500           0.132
33.500      -69.500           0.129
33.500      -68.500           0.136
33.500      -67.500           0.135
33.500      -66.500           0.136
33.500      -65.500           0.135
33.500      -64.500           0.134
33.500      -63.500           0.137
33.500      -62.500           0.138
33.500      -61.500           0.141
33.500      -60.500           0.139
34.500     -129.500           0.120
34.500     -128.500           0.122
34.500     -127.500           0.125
34.500     -126.500           0.122
34.500     -125.500           0.128
34.500     -124.500           0.131
34.500     -123.500           0.126
34.500     -122.500           0.126
34.500     -121.500           0.119
34.500     -120.500           0.065
34.500     -119.500           0.046
34.500     -118.500           0.071
34.500     -117.500           0.136
34.500     -116.500           0.145
34.500     -115.500           0.295
34.500     -114.500           0.297
34.500     -113.500           0.177
34.500     -112.500           0.111
34.500     -111.500           0.098
34.500     -110.500           0.070
34.500     -109.500           0.146
34.500     -108.500           0.119
34.500     -107.500           0.142
34.500     -106.500           0.108
34.500     -105.500           0.075
34.500     -104.500           0.089
34.500     -103.500           0.090
34.500     -102.500           0.079
34.500     -101.500           0.083
34.500     -100.500           0.067
34.500      -99.500           0.064
34.500      -98.500           0.055
34.500      -97.500           0.050
34.500      -96.500           0.050
34.500      -95.500           0.054
34.500      -94.500           0.057
34.500      -93.500           0.055
34.500      -92.500           0.068
34.500      -91.500           0.100
34.500      -90.500           0.103
34.500      -89.500           0.054
34.500      -88.500           0.063
34.500      -87.500           0.064
34.500      -86.500           0.063
34.500      -85.500           0.064
34.500      -84.500           0.069
34.500      -83.500           0.076
34.500      -82.500           0.058
34.500      -81.500           0.054
34.500      -80.500           0.065
34.500      -79.500           0.065
34.500      -78.500           0.062
34.500      -77.500           0.090
34.500      -76.500           0.127
34.500      -75.500           0.135
34.500      -74.500           0.136
34.500      -73.500           0.147
34.500      -72.500           0.145
34.500      -71.500           0.140
34.500      -70.500           0.137
34.500      -69.500           0.132
34.500      -68.500           0.139
34.500      -67.500           0.135
34.500      -66.500           0.137
34.500      -65.500           0.134
34.500      -64.500           0.141
34.500      -63.500           0.137
34.500      -62.500           0.135
34.500      -61.500           0.141
34.500      -60.500           0.145
35.500     -129.500           0.123
35.500     -128.500           0.123
35.500     -127.500           0.125
35.500     -126.500           0.127
35.500     -125.500           0.131
35.500     -124.500           0.132
35.500     -123.500           0.132
35.500     -122.500           0.132
35.500     -121.500           0.085
35.500     -120.500           0.033
35.500     -119.500           0.107
35.500     -118.500           0.058
35.500     -117.500           0.348
35.500     -116.500           0.376
35.500     -115.500           0.290
35.500     -114.500           0.282
35.500     -113.500           0.116
35.500     -112.500           0.095
35.500     -111.500           0.146
35.500     -110.500           0.183
35.500     -109.500           0.102
35.500     -108.500           0.071
35.500     -107.500           0.110
35.500     -106.500           0.137
35.500     -105.500           0.059
35.500     -104.500           0.068
35.500     -103.500           0.091
35.500     -102.500           0.123
35.500     -101.500           0.143
35.500     -100.500           0.101
35.500      -99.500           0.058
35.500      -98.500           0.054
35.500      -97.500           0.062
35.500      -96.500           0.053
35.500      -95.500           0.076
35.500      -94.500           0.072
35.500      -93.500           0.059
35.500      -92.500           0.058
35.500      -91.500           0.085
35.500      -90.500           0.124
35.500      -89.500           0.083
35.500      -88.500           0.071
35.500      -87.500           0.054
35.500      -86.500           0.057
35.500      -85.500           0.059
35.500      -84.500           0.071
35.500      -83.500           0.054
35.500      -82.500           0.054
35.500      -81.500           0.058
35.500      -80.500           0.062
35.500      -79.500           0.048
35.500      -78.500           0.067
35.500      -77.500           0.070
35.500      -76.500           0.079
35.500      -75.500           0.120
35.500      -74.500           0.135
35.500      -73.500           0.145
35.500      -72.500           0.145
35.500      -71.500           0.144
35.500      -70.500           0.135
35.500      -69.500           0.138
35.500      -68.500           0.147
35.500      -67.500           0.143
35.500      -66.500           0.137
35.500      -65.500           0.139
35.500      -64.500           0.147
35.500      -63.500           0.144
35.500      -62.500           0.138
35.500      -61.500           0.138
35.500      -60.500           0.143
36.500     -129.500           0.117
36.500     -128.500           0.125
36.500     -127.500           0.122
36.500     -126.500           0.135
36.500     -125.500           0.131
36.500     -124.500           0.127
36.500     -123.500           0.126
36.500     -122.500           0.131
36.500     -121.500           0.023
36.500     -120.500           0.077
36.500     -119.500           0.103
36.500     -118.500           0.072
36.500     -117.500           0.243
36.500     -116.500           0.318
36.500     -115.500           0.322
36.500     -114.500           0.277
36.500     -113.500           0.127
36.500     -112.500           0.072
36.500     -111.500           0.104
36.500     -110.500           0.086
36.500     -109.500           0.062
36.500     -108.500           0.096
36.500     -107.500           0.113
36.500     -106.500           0.081
36.500     -105.500           0.087
36.500     -104.500           0.056
36.500     -103.500           0.105
36.500     -102.500           0.127
36.500     -101.500           0.138
36.500     -100.500           0.129
36.500      -99.500           0.071
36.500      -98.500           0.056
36.500      -97.500           0.063
36.500      -96.500           0.066
36.500      -95.500           0.086
36.500      -94.500           0.072
36.500      -93.500           0.060
36.500      -92.500           0.059
36.500      -91.500           0.061
36.500      -90.500           0.101
36.500      -89.500           0.123
36.500      -88.500           0.078
36.500      -87.500           0.073
36.500      -86.500           0.076
36.500      -85.500           0.059
36.500      -84.500           0.049
36.500      -83.500           0.056
36.500      -82.500           0.059
36.500      -81.500           0.049
36.500      -80.500           0.049
36.500      -79.500           0.048
36.500      -78.500           0.053
36.500      -77.500           0.059
36.500      -76.500           0.088
36.500      -75.500           0.130
36.500      -74.500           0.133
36.500      -73.500           0.139
36.500      -72.500           0.145
36.500      -71.500           0.150
36.500      -70.500           0.145
36.500      -69.500           0.145
36.500      -68.500           0.152
36.500      -67.500           0.146
36.500      -66.500           0.145
36.500      -65.500           0.147
36.500      -64.500           0.153
36.500      -63.500           0.158
36.500      -62.500           0.156
36.500      -61.500           0.146
36.500      -60.500           0.150
37.500     -129.500           0.119
37.500     -128.500           0.127
37.500     -127.500           0.125
37.500     -126.500           0.132
37.500     -125.500           0.133
37.500     -124.500           0.124
37.500     -123.500           0.118
37.500     -122.500           0.076
37.500     -121.500           0.053
37.500     -120.500           0.066
37.500     -119.500           0.058
37.500     -118.500           0.217
37.500     -117.500           0.301
37.500     -116.500           0.296
37.500     -115.500           0.326
37.500     -114.500           0.239
37.500     -113.500           0.125
37.500     -112.500           0.076
37.500     -111.500           0.089
37.500     -110.500           0.079
37.500     -109.500           0.065
37.500     -108.500           0.073
37.500     -107.500           0.064
37.500     -106.500           0.135
37.500     -105.500           0.151
37.500     -104.500           0.098
37.500     -103.500           0.139
37.500     -102.500           0.149
37.500     -101.500           0.115
37.500     -100.500           0.110
37.500      -99.500           0.085
37.500      -98.500           0.072
37.500      -97.500           0.084
37.500      -96.500           0.075
37.500      -95.500           0.068
37.500      -94.500           0.083
37.500      -93.500           0.080
37.500      -92.500           0.062
37.500      -91.500           0.065
37.500      -90.500           0.070
37.500      -89.500           0.096
37.500      -88.500           0.084
37.500      -87.500           0.091
37.500      -86.500           0.070
37.500      -85.500           0.068
37.500      -84.500           0.062
37.500      -83.500           0.052
37.500      -82.500           0.052
37.500      -81.500           0.042
37.500      -80.500           0.031
37.500      -79.500           0.042
37.500      -78.500           0.042
37.500      -77.500           0.058
37.500      -76.500           0.092
37.500      -75.500           0.129
37.500      -74.500           0.133
37.500      -73.500           0.133
37.500      -72.500           0.132
37.500      -71.500           0.144
37.500      -70.500           0.144
37.500      -69.500           0.139
37.500      -68.500           0.134
37.500      -67.500           0.131
37.500      -66.500           0.139
37.500      -65.500           0.144
37.500      -64.500           0.151
37.500      -63.500           0.148
37.500      -62.500           0.156
37.500      -61.500           0.158
37.500      -60.500           0.157
38.500     -129.500           0.122
38.500     -128.500           0.132
38.500     -127.500           0.130
38.500     -126.500           0.128
38.500     -125.500           0.131
38.500     -124.500           0.125
38.500     -123.500           0.070
38.500     -122.500           0.025
38.500     -121.500           0.075
38.500     -120.500           0.041
38.500     -119.500           0.159
38.500     -118.500           0.269
38.500     -117.500           0.269
38.500     -116.500           0.236
38.500     -115.500           0.250
38.500     -114.500           0.187
38.500     -113.500           0.240
38.500     -112.500           0.162
38.500     -111.500           0.126
38.500     -110.500           0.093
38.500     -109.500           0.071
38.500     -108.500           0.081
38.500     -107.500           0.094
38.500     -106.500           0.099
38.500     -105.500           0.089
38.500     -104.500           0.131
38.500     -103.500           0.131
38.500     -102.500           0.171
38.500     -101.500           0.151
38.500     -100.500           0.134
38.500      -99.500           0.097
38.500      -98.500           0.085
38.500      -97.500           0.082
38.500      -96.500           0.092
38.500      -95.500           0.080
38.500      -94.500           0.087
38.500      -93.500           0.079
38.500      -92.500           0.074
38.500      -91.500           0.073
38.500      -90.500           0.101
38.500      -89.500           0.120
38.500      -88.500           0.132
38.500      -87.500           0.115
38.500      -86.500           0.072
38.500      -85.500           0.075
38.500      -84.500           0.081
38.500      -83.500           0.071
38.500      -82.500           0.065
38.500      -81.500           0.054
38.500      -80.500           0.041
38.500      -79.500           0.036
38.500      -78.500           0.056
38.500      -77.500           0.065
38.500      -76.500           0.090
38.500      -75.500           0.095
38.500      -74.500           0.136
38.500      -73.500           0.137
38.500      -72.500           0.135
38.500      -71.500           0.131
38.500      -70.500           0.139
38.500      -69.500           0.140
38.500      -68.500           0.138
38.500      -67.500           0.137
38.500      -66.500           0.143
38.500      -65.500           0.144
38.500      -64.500           0.154
38.500      -63.500           0.145
38.500      -62.500           0.149
38.500      -61.500           0.147
38.500      -60.500           0.160
39.500     -129.500           0.109
39.500     -128.500           0.129
39.500     -127.500           0.134
39.500     -126.500           0.124
39.500     -125.500           0.128
39.500     -124.500           0.120
39.500     -123.500           0.015
39.500     -122.500           0.028
39.500     -121.500           0.044
39.500     -120.500           0.053
39.500     -119.500           0.204
39.500     -118.500           0.378
39.500     -117.500           0.257
39.500     -116.500           0.202
39.500     -115.500           0.189
39.500     -114.500           0.226
39.500     -113.500           0.418
39.500     -112.500           0.168
39.500     -111.500           0.097
39.500     -110.500           0.152
39.500     -109.500           0.147
39.500     -108.500           0.101
39.500     -107.500           0.071
39.500     -106.500           0.072
39.500     -105.500           0.111
39.500     -104.500           0.132
39.500     -103.500           0.136
39.500     -102.500           0.147
39.500     -101.500           0.153
39.500     -100.500           0.136
39.500      -99.500           0.135
39.500      -98.500           0.104
39.500      -97.500           0.095
39.500      -96.500           0.090
39.500      -95.500           0.082
39.500      -94.500           0.096
39.500      -93.500           0.085
39.500      -92.500           0.091
39.500      -91.500           0.084
39.500      -90.500           0.082
39.500      -89.500           0.086
39.500      -88.500           0.117
39.500      -87.500           0.109
39.500      -86.500           0.102
39.500      -85.500           0.120
39.500      -84.500           0.114
39.500      -83.500           0.107
39.500      -82.500           0.066
39.500      -81.500           0.062
39.500      -80.500           0.060
39.500      -79.500           0.048
39.500      -78.500           0.060
39.500      -77.500           0.078
39.500      -76.500           0.088
39.500      -75.500           0.107
39.500      -74.500           0.095
39.500      -73.500           0.126
39.500      -72.500           0.137
39.500      -71.500           0.135
39.500      -70.500           0.130
39.500      -69.500           0.139
39.500      -68.500           0.132
39.500      -67.500           0.135
39.500      -66.500           0.141
39.500      -65.500           0.140
39.500      -64.500           0.137
39.500      -63.500           0.148
39.500      -62.500           0.144
39.500      -61.500           0.135
39.500      -60.500           0.157
40.500     -129.500           0.111
40.500     -128.500           0.118
40.500     -127.500           0.129
40.500     -126.500           0.125
40.500     -125.500           0.119
40.500     -124.500           0.091
40.500     -123.500           0.011
40.500     -122.500           0.028
40.500     -121.500           0.030
40.500     -120.500           0.090
40.500     -119.500           0.188
40.500     -118.500           0.317
40.500     -117.500           0.255
40.500     -116.500           0.226
40.500     -115.500           0.179
40.500     -114.500           0.293
40.500     -113.500           0.333
40.500     -112.500           0.192
40.500     -111.500           0.105
40.500     -110.500           0.093
40.500     -109.500           0.105
40.500     -108.500           0.094
40.500     -107.500           0.075
40.500     -106.500           0.073
40.500     -105.500           0.103
40.500     -104.500           0.118
40.500     -103.500           0.146
40.500     -102.500           0.117
40.500     -101.500           0.132
40.500     -100.500           0.125
40.500      -99.500           0.136
40.500      -98.500           0.137
40.500      -97.500           0.113
40.500      -96.500           0.101
40.500      -95.500           0.100
40.500      -94.500           0.083
40.500      -93.500           0.077
40.500      -92.500           0.081
40.500      -91.500           0.082
40.500      -90.500           0.081
40.500      -89.500           0.074
40.500      -88.500           0.090
40.500      -87.500           0.104
40.500      -86.500           0.125
40.500      -85.500           0.145
40.500      -84.500           0.153
40.500      -83.500           0.142
40.500      -82.500           0.111
40.500      -81.500           0.086
40.500      -80.500           0.078
40.500      -79.500           0.075
40.500      -78.500           0.048
40.500      -77.500           0.059
40.500      -76.500           0.088
40.500      -75.500           0.090
40.500      -74.500           0.099
40.500      -73.500           0.139
40.500      -72.500           0.131
40.500      -71.500           0.147
40.500      -70.500           0.145
40.500      -69.500           0.138
40.500      -68.500           0.139
40.500      -67.500           0.131
40.500      -66.500           0.126
40.500      -65.500           0.130
40.500      -64.500           0.134
40.500      -63.500           0.140
40.500      -62.500           0.142
40.500      -61.500           0.133
40.500      -60.500           0.145
41.500     -129.500           0.110
41.500     -128.500           0.116
41.500     -127.500           0.125
41.500     -126.500           0.129
41.500     -125.500           0.122
41.500     -124.500           0.103
41.500     -123.500           0.045
41.500     -122.500           0.055
41.500     -121.500           0.056
41.500     -120.500           0.075
41.500     -119.500           0.153
41.500     -118.500           0.203
41.500     -117.500           0.225
41.500     -116.500           0.148
41.500     -115.500           0.143
41.500     -114.500           0.186
41.500     -113.500           0.241
41.500     -112.500           0.179
41.500     -111.500           0.070
41.500     -110.500           0.112
41.500     -109.500           0.161
41.500     -108.500           0.181
41.500     -107.500           0.108
41.500     -106.500           0.110
41.500     -105.500           0.154
41.500     -104.500           0.193
41.500     -103.500           0.163
41.500     -102.500           0.148
41.500     -101.500           0.141
41.500     -100.500           0.127
41.500      -99.500           0.119
41.500      -98.500           0.120
41.500      -97.500           0.123
41.500      -96.500           0.129
41.500      -95.500           0.117
41.500      -94.500           0.095
41.500      -93.500           0.084
41.500      -92.500           0.099
41.500      -91.500           0.105
41.500      -90.500           0.108
41.500      -89.500           0.090
41.500      -88.500           0.100
41.500      -87.500           0.125
41.500      -86.500           0.089
41.500      -85.500           0.107
41.500      -84.500           0.121
41.500      -83.500           0.127
41.500      -82.500           0.123
41.500      -81.500           0.114
41.500      -80.500           0.093
41.500      -79.500           0.072
41.500      -78.500           0.036
41.500      -77.500           0.046
41.500      -76.500           0.069
41.500      -75.500           0.061
41.500      -74.500           0.066
41.500      -73.500           0.065
41.500      -72.500           0.080
41.500      -71.500           0.081
41.500      -70.500           0.099
41.500      -69.500           0.147
41.500      -68.500           0.154
41.500      -67.500           0.159
41.500      -66.500           0.160
41.500      -65.500           0.158
41.500      -64.500           0.147
41.500      -63.500           0.147
41.500      -62.500           0.134
41.500      -61.500           0.127
41.500      -60.500           0.125
42.500     -129.500           0.113
42.500     -128.500           0.110
42.500     -127.500           0.117
42.500     -126.500           0.122
42.500     -125.500           0.119
42.500     -124.500           0.082
42.500     -123.500           0.049
42.500     -122.500           0.042
42.500     -121.500           0.056
42.500     -120.500           0.112
42.500     -119.500           0.163
42.500     -118.500           0.164
42.500     -117.500           0.169
42.500     -116.500           0.158
42.500     -115.500           0.194
42.500     -114.500           0.154
42.500     -113.500           0.159
42.500     -112.500           0.132
42.500     -111.500           0.070
42.500     -110.500           0.084
42.500     -109.500           0.142
42.500     -108.500           0.174
42.500     -107.500           0.217
42.500     -106.500           0.161
42.500     -105.500           0.146
42.500     -104.500           0.181
42.500     -103.500           0.177
42.500     -102.500           0.166
42.500     -101.500           0.172
42.500     -100.500           0.136
42.500      -99.500           0.103
42.500      -98.500           0.094
42.500      -97.500           0.095
42.500      -96.500           0.120
42.500      -95.500           0.124
42.500      -94.500           0.068
42.500      -93.500           0.094
42.500      -92.500           0.111
42.500      -91.500           0.113
42.500      -90.500           0.098
42.500      -89.500           0.089
42.500      -88.500           0.101
42.500      -87.500           0.130
42.500      -86.500           0.100
42.500      -85.500           0.058
42.500      -84.500           0.064
42.500      -83.500           0.107
42.500      -82.500           0.153
42.500      -81.500           0.120
42.500      -80.500           0.094
42.500      -79.500           0.081
42.500      -78.500           0.063
42.500      -77.500           0.045
42.500      -76.500           0.051
42.500      -75.500           0.037
42.500      -74.500           0.048
42.500      -73.500           0.051
42.500      -72.500           0.047
42.500      -71.500           0.060
42.500      -70.500           0.104
42.500      -69.500           0.123
42.500      -68.500           0.131
42.500      -67.500           0.157
42.500      -66.500           0.179
42.500      -65.500           0.166
42.500      -64.500           0.125
42.500      -63.500           0.194
42.500      -62.500           0.168
42.500      -61.500           0.166
42.500      -60.500           0.126
43.500     -129.500           0.119
43.500     -128.500           0.114
43.500     -127.500           0.109
43.500     -126.500           0.113
43.500     -125.500           0.109
43.500     -124.500           0.076
43.500     -123.500           0.013
43.500     -122.500           0.033
43.500     -121.500           0.059
43.500     -120.500           0.146
43.500     -119.500           0.136
43.500     -118.500           0.143
43.500     -117.500           0.171
43.500     -116.500           0.176
43.500     -115.500           0.126
43.500     -114.500           0.133
43.500     -113.500           0.135
43.500     -112.500           0.181
43.500     -111.500           0.123
43.500     -110.500           0.088
43.500     -109.500           0.164
43.500     -108.500           0.200
43.500     -107.500           0.171
43.500     -106.500           0.185
43.500     -105.500           0.191
43.500     -104.500           0.170
43.500     -103.500           0.161
43.500     -102.500           0.184
43.500     -101.500           0.157
43.500     -100.500           0.162
43.500      -99.500           0.124
43.500      -98.500           0.088
43.500      -97.500           0.097
43.500      -96.500           0.111
43.500      -95.500           0.096
43.500      -94.500           0.067
43.500      -93.500           0.081
43.500      -92.500           0.076
43.500      -91.500           0.087
43.500      -90.500           0.059
43.500      -89.500           0.080
43.500      -88.500           0.109
43.500      -87.500           0.126
43.500      -86.500           0.107
43.500      -85.500           0.084
43.500      -84.500           0.088
43.500      -83.500           0.090
43.500      -82.500           0.102
43.500      -81.500           0.086
43.500      -80.500           0.094
43.500      -79.500           0.114
43.500      -78.500           0.090
43.500      -77.500           0.092
43.500      -76.500           0.073
43.500      -75.500           0.059
43.500      -74.500           0.035
43.500      -73.500           0.056
43.500      -72.500           0.047
43.500      -71.500           0.035
43.500      -70.500           0.079
43.500      -69.500           0.111
43.500      -68.500           0.127
43.500      -67.500           0.141
43.500      -66.500           0.149
43.500      -65.500           0.102
43.500      -64.500           0.125
43.500      -63.500           0.124
43.500      -62.500           0.145
43.500      -61.500           0.172
43.500      -60.500           0.153
44.500     -129.500           0.130
44.500     -128.500           0.120
44.500     -127.500           0.108
44.500     -126.500           0.111
44.500     -125.500           0.104
44.500     -124.500           0.097
44.500     -123.500           0.023
44.500     -122.500           0.021
44.500     -121.500           0.076
44.500     -120.500           0.083
44.500     -119.500           0.061
44.500     -118.500           0.056
44.500     -117.500           0.121
44.500     -116.500           0.112
44.500     -115.500           0.062
44.500     -114.500           0.138
44.500     -113.500           0.193
44.500     -112.500           0.178
44.500     -111.500           0.096
44.500     -110.500           0.073
44.500     -109.500           0.192
44.500     -108.500           0.237
44.500     -107.500           0.152
44.500     -106.500           0.156
44.500     -105.500           0.142
44.500     -104.500           0.136
44.500     -103.500           0.171
44.500     -102.500           0.181
44.500     -101.500           0.153
44.500     -100.500           0.173
44.500      -99.500           0.121
44.500      -98.500           0.101
44.500      -97.500           0.092
44.500      -96.500           0.079
44.500      -95.500           0.083
44.500      -94.500           0.062
44.500      -93.500           0.082
44.500      -92.500           0.069
44.500      -91.500           0.073
44.500      -90.500           0.083
44.500      -89.500           0.086
44.500      -88.500           0.116
44.500      -87.500           0.134
44.500      -86.500           0.132
44.500      -85.500           0.073
44.500      -84.500           0.074
44.500      -83.500           0.102
44.500      -82.500           0.125
44.500      -81.500           0.085
44.500      -80.500           0.062
44.500      -79.500           0.075
44.500      -78.500           0.058
44.500      -77.500           0.059
44.500      -76.500           0.071
44.500      -75.500           0.078
44.500      -74.500           0.046
44.500      -73.500           0.052
44.500      -72.500           0.050
44.500      -71.500           0.042
44.500      -70.500           0.040
44.500      -69.500           0.046
44.500      -68.500           0.066
44.500      -67.500           0.091
44.500      -66.500           0.120
44.500      -65.500           0.054
44.500      -64.500           0.065
44.500      -63.500           0.094
44.500      -62.500           0.123
44.500      -61.500           0.125
44.500      -60.500           0.161
45.500     -129.500           0.131
45.500     -128.500           0.123
45.500     -127.500           0.118
45.500     -126.500           0.111
45.500     -125.500           0.111
45.500     -124.500           0.100
45.500     -123.500           0.014
45.500     -122.500           0.028
45.500     -121.500           0.049
45.500     -120.500           0.090
45.500     -119.500           0.104
45.500     -118.500           0.081
45.500     -117.500           0.061
45.500     -116.500           0.079
45.500     -115.500           0.075
45.500     -114.500           0.070
45.500     -113.500           0.108
45.500     -112.500           0.167
45.500     -111.500           0.150
45.500     -110.500           0.156
45.500     -109.500           0.173
45.500     -108.500           0.167
45.500     -107.500           0.154
45.500     -106.500           0.127
45.500     -105.500           0.157
45.500     -104.500           0.172
45.500     -103.500           0.169
45.500     -102.500           0.134
45.500     -101.500           0.124
45.500     -100.500           0.135
45.500      -99.500           0.102
45.500      -98.500           0.113
45.500      -97.500           0.107
45.500      -96.500           0.090
45.500      -95.500           0.074
45.500      -94.500           0.068
45.500      -93.500           0.078
45.500      -92.500           0.081
45.500      -91.500           0.086
45.500      -90.500           0.074
45.500      -89.500           0.082
45.500      -88.500           0.102
45.500      -87.500           0.099
45.500      -86.500           0.115
45.500      -85.500           0.064
45.500      -84.500           0.085
45.500      -83.500           0.109
45.500      -82.500           0.106
45.500      -81.500           0.093
45.500      -80.500           0.088
45.500      -79.500           0.058
45.500      -78.500           0.048
45.500      -77.500           0.056
45.500      -76.500           0.046
45.500      -75.500           0.059
45.500      -74.500           0.069
45.500      -73.500           0.124
45.500      -72.500           0.080
45.500      -71.500           0.040
45.500      -70.500           0.032
45.500      -69.500           0.032
45.500      -68.500           0.031
45.500      -67.500           0.032
45.500      -66.500           0.041
45.500      -65.500           0.077
45.500      -64.500           0.043
45.500      -63.500           0.039
45.500      -62.500           0.055
45.500      -61.500           0.063
45.500      -60.500           0.112
46.500     -129.500           0.133
46.500     -128.500           0.129
46.500     -127.500           0.124
46.500     -126.500           0.118
46.500     -125.500           0.116
46.500     -124.500           0.098
46.500     -123.500           0.015
46.500     -122.500           0.017
46.500     -121.500           0.039
46.500     -120.500           0.095
46.500     -119.500           0.107
46.500     -118.500           0.112
46.500     -117.500           0.108
46.500     -116.500           0.085
46.500     -115.500           0.069
46.500     -114.500           0.107
46.500     -113.500           0.097
46.500     -112.500           0.118
46.500     -111.500           0.152
46.500     -110.500           0.160
46.500     -109.500           0.177
46.500     -108.500           0.152
46.500     -107.500           0.175
46.500     -106.500           0.189
46.500     -105.500           0.180
46.500     -104.500           0.146
46.500     -103.500           0.134
46.500     -102.500           0.117
46.500     -101.500           0.114
46.500     -100.500           0.122
46.500      -99.500           0.095
46.500      -98.500           0.091
46.500      -97.500           0.082
46.500      -96.500           0.081
46.500      -95.500           0.088
46.500      -94.500           0.080
46.500      -93.500           0.063
46.500      -92.500           0.072
46.500      -91.500           0.078
46.500      -90.500           0.075
46.500      -89.500           0.064
46.500      -88.500           0.062
46.500      -87.500           0.091
46.500      -86.500           0.084
46.500      -85.500           0.078
46.500      -84.500           0.059
46.500      -83.500           0.050
46.500      -82.500           0.047
46.500      -81.500           0.066
46.500      -80.500           0.071
46.500      -79.500           0.051
46.500      -78.500           0.061
46.500      -77.500           0.046
46.500      -76.500           0.079
46.500      -75.500           0.049
46.500      -74.500           0.054
46.500      -73.500           0.055
46.500      -72.500           0.060
46.500      -71.500           0.047
46.500      -70.500           0.039
46.500      -69.500           0.027
46.500      -68.500           0.019
46.500      -67.500           0.022
46.500      -66.500           0.044
46.500      -65.500           0.055
46.500      -64.500           0.066
46.500      -63.500           0.098
46.500      -62.500           0.160
46.500      -61.500           0.221
46.500      -60.500           0.178
47.500     -129.500           0.134
47.500     -128.500           0.128
47.500     -127.500           0.121
47.500     -126.500           0.114
47.500     -125.500           0.106
47.500     -124.500           0.081
47.500     -123.500           0.026
47.500     -122.500           0.029
47.500     -121.500           0.031
47.500     -120.500           0.069
47.500     -119.500           0.103
47.500     -118.500           0.094
47.500     -117.500           0.091
47.500     -116.500           0.050
47.500     -115.500           0.049
47.500     -114.500           0.101
47.500     -113.500           0.077
47.500     -112.500           0.172
47.500     -111.500           0.177
47.500     -110.500           0.177
47.500     -109.500           0.183
47.500     -108.500           0.180
47.500     -107.500           0.181
47.500     -106.500           0.185
47.500     -105.500           0.166
47.500     -104.500           0.140
47.500     -103.500           0.167
47.500     -102.500           0.132
47.500     -101.500           0.135
47.500     -100.500           0.095
47.500      -99.500           0.083
47.500      -98.500           0.075
47.500      -97.500           0.075
47.500      -96.500           0.081
47.500      -95.500           0.075
47.500      -94.500           0.067
47.500      -93.500           0.055
47.500      -92.500           0.083
47.500      -91.500           0.076
47.500      -90.500           0.099
47.500      -89.500           0.104
47.500      -88.500           0.093
47.500      -87.500           0.116
47.500      -86.500           0.114
47.500      -85.500           0.092
47.500      -84.500           0.050
47.500      -83.500           0.045
47.500      -82.500           0.044
47.500      -81.500           0.035
47.500      -80.500           0.050
47.500      -79.500           0.040
47.500      -78.500           0.040
47.500      -77.500           0.036
47.500      -76.500           0.031
47.500      -75.500           0.027
47.500      -74.500           0.026
47.500      -73.500           0.025
47.500      -72.500           0.075
47.500      -71.500           0.034
47.500      -70.500           0.062
47.500      -69.500           0.041
47.500      -68.500           0.034
47.500      -67.500           0.026
47.500      -66.500           0.048
47.500      -65.500           0.070
47.500      -64.500           0.099
47.500      -63.500           0.103
47.500      -62.500           0.109
47.500      -61.500           0.120
47.500      -60.500           0.135
48.500     -129.500           0.126
48.500     -128.500           0.119
48.500     -127.500           0.116
48.500     -126.500           0.116
48.500     -125.500           0.096
48.500     -124.500           0.097
48.500     -123.500           0.044
48.500     -122.500           0.043
48.500     -121.500           0.043
48.500     -120.500           0.053
48.500     -119.500           0.076
48.500     -118.500           0.038
48.500     -117.500           0.036
48.500     -116.500           0.069
48.500     -115.500           0.067
48.500     -114.500           0.089
48.500     -113.500           0.181
48.500     -112.500           0.190
48.500     -111.500           0.194
48.500     -110.500           0.174
48.500     -109.500           0.189
48.500     -108.500           0.184
48.500     -107.500           0.182
48.500     -106.500           0.155
48.500     -105.500           0.122
48.500     -104.500           0.121
48.500     -103.500           0.136
48.500     -102.500           0.136
48.500     -101.500           0.096
48.500     -100.500           0.083
48.500      -99.500           0.081
48.500      -98.500           0.084
48.500      -97.500           0.079
48.500      -96.500           0.175
48.500      -95.500           0.146
48.500      -94.500           0.108
48.500      -93.500           0.069
48.500      -92.500           0.088
48.500      -91.500           0.096
48.500      -90.500           0.065
48.500      -89.500           0.070
48.500      -88.500           0.074
48.500      -87.500           0.100
48.500      -86.500           0.094
48.500      -85.500           0.060
48.500      -84.500           0.069
48.500      -83.500           0.060
48.500      -82.500           0.052
48.500      -81.500           0.048
48.500      -80.500           0.049
48.500      -79.500           0.046
48.500      -78.500           0.046
48.500      -77.500           0.054
48.500      -76.500           0.051
48.500      -75.500           0.055
48.500      -74.500           0.058
48.500      -73.500           0.037
48.500      -72.500           0.066
48.500      -71.500           0.054
48.500      -70.500           0.047
48.500      -69.500           0.059
48.500      -68.500           0.081
48.500      -67.500           0.085
48.500      -66.500           0.081
48.500      -65.500           0.046
48.500      -64.500           0.082
48.500      -63.500           0.108
48.500      -62.500           0.110
48.500      -61.500           0.122
48.500      -60.500           0.117
49.500     -129.500           0.122
49.500     -128.500           0.108
49.500     -127.500           0.103
49.500     -126.500           0.078
49.500     -125.500           0.022
49.500     -124.500           0.025
49.500     -123.500           0.070
49.500     -122.500           0.061
49.500     -121.500           0.039
49.500     -120.500           0.041
49.500     -119.500           0.054
49.500     -118.500           0.044
49.500     -117.500           0.032
49.500     -116.500           0.040
49.500     -115.500           0.089
49.500     -114.500           0.086
49.500     -113.500           0.157
49.500     -112.500           0.166
49.500     -111.500           0.185
49.500     -110.500           0.181
49.500     -109.500           0.167
49.500     -108.500           0.138
49.500     -107.500           0.147
49.500     -106.500           0.150
49.500     -105.500           0.138
49.500     -104.500           0.106
49.500     -103.500           0.103
49.500     -102.500           0.085
49.500     -101.500           0.093
49.500     -100.500           0.083
49.500      -99.500           0.072
49.500      -98.500           0.071
49.500      -97.500           0.104
49.500      -96.500           0.096
49.500      -95.500           0.126
49.500      -94.500           0.068
49.500      -93.500           0.064
49.500      -92.500           0.073
49.500      -91.500           0.082
49.500      -90.500           0.090
49.500      -89.500           0.080
49.500      -88.500           0.065
49.500      -87.500           0.091
49.500      -86.500           0.092
49.500      -85.500           0.084
49.500      -84.500           0.074
49.500      -83.500           0.067
49.500      -82.500           0.059
49.500      -81.500           0.046
49.500      -80.500           0.056
49.500      -79.500           0.051
49.500      -78.500           0.050
49.500      -77.500           0.053
49.500      -76.500           0.063
49.500      -75.500           0.065
49.500      -74.500           0.087
49.500      -73.500           0.074
49.500      -72.500           0.042
49.500      -71.500           0.045
49.500      -70.500           0.050
49.500      -69.500           0.048
49.500      -68.500           0.058
49.500      -67.500           0.087
49.500      -66.500           0.139
49.500      -65.500           0.129
49.500      -64.500           0.130
49.500      -63.500           0.134
49.500      -62.500           0.099
49.500      -61.500           0.117
49.500      -60.500           0.120
50.500     -129.500           0.126
50.500     -128.500           0.108
50.500     -127.500           0.041
50.500     -126.500           0.046
50.500     -125.500           0.023
50.500     -124.500           0.062
50.500     -123.500           0.101
50.500     -122.500           0.072
50.500     -121.500           0.061
50.500     -120.500           0.075
50.500     -119.500           0.051
50.500     -118.500           0.048
50.500     -117.500           0.078
50.500     -116.500           0.085
50.500     -115.500           0.084
50.500     -114.500           0.124
50.500     -113.500           0.167
50.500     -112.500           0.152
50.500     -111.500           0.159
50.500     -110.500           0.151
50.500     -109.500           0.165
50.500     -108.500           0.148
50.500     -107.500           0.108
50.500     -106.500           0.131
50.500     -105.500           0.159
50.500     -104.500           0.136
50.500     -103.500           0.107
50.500     -102.500           0.091
50.500     -101.500           0.092
50.500     -100.500           0.101
50.500      -99.500           0.075
50.500      -98.500           0.124
50.500      -97.500           0.116
50.500      -96.500           0.093
50.500      -95.500           0.090
50.500      -94.500           0.086
50.500      -93.500           0.086
50.500      -92.500           0.071
50.500      -91.500           0.068
50.500      -90.500           0.068
50.500      -89.500           0.073
50.500      -88.500           0.083
50.500      -87.500           0.100
50.500      -86.500           0.083
50.500      -85.500           0.076
50.500      -84.500           0.079
50.500      -83.500           0.075
50.500      -82.500           0.052
50.500      -81.500           0.038
50.500      -80.500           0.045
50.500      -79.500           0.059
50.500      -78.500           0.053
50.500      -77.500           0.060
50.500      -76.500           0.067
50.500      -75.500           0.075
50.500      -74.500           0.082
50.500      -73.500           0.077
50.500      -72.500           0.052
50.500      -71.500           0.071
50.500      -70.500           0.039
50.500      -69.500           0.046
50.500      -68.500           0.064
50.500      -67.500           0.070
50.500      -66.500           0.095
50.500      -65.500           0.115
50.500      -64.500           0.106
50.500      -63.500           0.112
50.500      -62.500           0.100
50.500      -61.500           0.116
50.500      -60.500           0.109
51.500     -129.500           0.105
51.500     -128.500           0.114
51.500     -127.500           0.044
51.500     -126.500           0.093
51.500     -125.500           0.104
51.500     -124.500           0.060
51.500     -123.500           0.045
51.500     -122.500           0.051
51.500     -121.500           0.053
51.500     -120.500           0.044
51.500     -119.500           0.069
51.500     -118.500           0.086
51.500     -117.500           0.122
51.500     -116.500           0.098
51.500     -115.500           0.074
51.500     -114.500           0.099
51.500     -113.500           0.168
51.500     -112.500           0.145
51.500     -111.500           0.103
51.500     -110.500           0.128
51.500     -109.500           0.159
51.500     -108.500           0.156
51.500     -107.500           0.149
51.500     -106.500           0.101
51.500     -105.500           0.122
51.500     -104.500           0.116
51.500     -103.500           0.101
51.500     -102.500           0.090
51.500     -101.500           0.083
51.500     -100.500           0.077
51.500      -99.500           0.120
51.500      -98.500           0.088
51.500      -97.500           0.098
51.500      -96.500           0.096
51.500      -95.500           0.091
51.500      -94.500           0.068
51.500      -93.500           0.070
51.500      -92.500           0.064
51.500      -91.500           0.065
51.500      -90.500           0.071
51.500      -89.500           0.080
51.500      -88.500           0.089
51.500      -87.500           0.085
51.500      -86.500           0.084
51.500      -85.500           0.083
51.500      -84.500           0.082
51.500      -83.500           0.076
51.500      -82.500           0.077
51.500      -81.500           0.066
51.500      -80.500           0.090
51.500      -79.500           0.067
51.500      -78.500           0.066
51.500      -77.500           0.074
51.500      -76.500           0.076
51.500      -75.500           0.065
51.500      -74.500           0.084
51.500      -73.500           0.083
51.500      -72.500           0.088
51.500      -71.500           0.095
51.500      -70.500           0.098
51.500      -69.500           0.074
51.500      -68.500           0.070
51.500      -67.500           0.092
51.500      -66.500           0.106
51.500      -65.500           0.146
51.500      -64.500           0.133
51.500      -63.500           0.123
51.500      -62.500           0.115
51.500      -61.500           0.095
51.500      -60.500           0.143
52.500     -129.500           0.115
52.500     -128.500           0.063
52.500     -127.500           0.049
52.500     -126.500           0.066
52.500     -125.500           0.045
52.500     -124.500           0.035
52.500     -123.500           0.032
52.500     -122.500           0.037
52.500     -121.500           0.036
52.500     -120.500           0.070
52.500     -119.500           0.105
52.500     -118.500           0.082
52.500     -117.500           0.070
52.500     -116.500           0.071
52.500     -115.500           0.084
52.500     -114.500           0.071
52.500     -113.500           0.080
52.500     -112.500           0.097
52.500     -111.500           0.090
52.500     -110.500           0.066
52.500     -109.500           0.092
52.500     -108.500           0.098
52.500     -107.500           0.084
52.500     -106.500           0.096
52.500     -105.500           0.118
52.500     -104.500           0.130
52.500     -103.500           0.089
52.500     -102.500           0.076
52.500     -101.500           0.085
52.500     -100.500           0.103
52.500      -99.500           0.095
52.500      -98.500           0.098
52.500      -97.500           0.115
52.500      -96.500           0.103
52.500      -95.500           0.076
52.500      -94.500           0.087
52.500      -93.500           0.077
52.500      -92.500           0.068
52.500      -91.500           0.064
52.500      -90.500           0.065
52.500      -89.500           0.083
52.500      -88.500           0.083
52.500      -87.500           0.082
52.500      -86.500           0.093
52.500      -85.500           0.119
52.500      -84.500           0.104
52.500      -83.500           0.076
52.500      -82.500           0.074
52.500      -81.500           0.081
52.500      -80.500           0.101
52.500      -79.500           0.112
52.500      -78.500           0.080
52.500      -77.500           0.081
52.500      -76.500           0.077
52.500      -75.500           0.079
52.500      -74.500           0.117
52.500      -73.500           0.117
52.500      -72.500           0.114
52.500      -71.500           0.112
52.500      -70.500           0.150
52.500      -69.500           0.135
52.500      -68.500           0.155
52.500      -67.500           0.190
52.500      -66.500           0.156
52.500      -65.500           0.192
52.500      -64.500           0.194
52.500      -63.500           0.172
52.500      -62.500           0.215
52.500      -61.500           0.117
52.500      -60.500           0.100
53.500     -129.500           0.032
53.500     -128.500           0.046
53.500     -127.500           0.065
53.500     -126.500           0.046
53.500     -125.500           0.041
53.500     -124.500           0.052
53.500     -123.500           0.044
53.500     -122.500           0.047
53.500     -121.500           0.057
53.500     -120.500           0.093
53.500     -119.500           0.074
53.500     -118.500           0.072
53.500     -117.500           0.067
53.500     -116.500           0.067
53.500     -115.500           0.069
53.500     -114.500           0.096
53.500     -113.500           0.112
53.500     -112.500           0.100
53.500     -111.500           0.074
53.500     -110.500           0.067
53.500     -109.500           0.059
53.500     -108.500           0.058
53.500     -107.500           0.046
53.500     -106.500           0.062
53.500     -105.500           0.087
53.500     -104.500           0.075
53.500     -103.500           0.081
53.500     -102.500           0.066
53.500     -101.500           0.100
53.500     -100.500           0.115
53.500      -99.500           0.113
53.500      -98.500           0.167
53.500      -97.500           0.119
53.500      -96.500           0.102
53.500      -95.500           0.114
53.500      -94.500           0.117
53.500      -93.500           0.102
53.500      -92.500           0.090
53.500      -91.500           0.075
53.500      -90.500           0.065
53.500      -89.500           0.079
53.500      -88.500           0.078
53.500      -87.500           0.078
53.500      -86.500           0.104
53.500      -85.500           0.115
53.500      -84.500           0.136
53.500      -83.500           0.119
53.500      -82.500           0.110
53.500      -81.500           0.129
53.500      -80.500           0.114
53.500      -79.500           0.135
53.500      -78.500           0.118
53.500      -77.500           0.091
53.500      -76.500           0.080
53.500      -75.500           0.110
53.500      -74.500           0.122
53.500      -73.500           0.145
53.500      -72.500           0.166
53.500      -71.500           0.162
53.500      -70.500           0.153
53.500      -69.500           0.198
53.500      -68.500           0.223
53.500      -67.500           0.186
53.500      -66.500           0.190
53.500      -65.500           0.204
53.500      -64.500           0.203
53.500      -63.500           0.223
53.500      -62.500           0.276
53.500      -61.500           0.152
53.500      -60.500           0.130
54.500     -129.500           0.106
54.500     -128.500           0.103
54.500     -127.500           0.066
54.500     -126.500           0.057
54.500     -125.500           0.046
54.500     -124.500           0.043
54.500     -123.500           0.040
54.500     -122.500           0.054
54.500     -121.500           0.064
54.500     -120.500           0.068
54.500     -119.500           0.065
54.500     -118.500           0.050
54.500     -117.500           0.059
54.500     -116.500           0.062
54.500     -115.500           0.053
54.500     -114.500           0.085
54.500     -113.500           0.058
54.500     -112.500           0.049
54.500     -111.500           0.066
54.500     -110.500           0.068
54.500     -109.500           0.058
54.500     -108.500           0.064
54.500     -107.500           0.076
54.500     -106.500           0.075
54.500     -105.500           0.066
54.500     -104.500           0.068
54.500     -103.500           0.098
54.500     -102.500           0.095
54.500     -101.500           0.099
54.500     -100.500           0.119
54.500      -99.500           0.115
54.500      -98.500           0.130
54.500      -97.500           0.133
54.500      -96.500           0.128
54.500      -95.500           0.126
54.500      -94.500           0.123
54.500      -93.500           0.098
54.500      -92.500           0.090
54.500      -91.500           0.093
54.500      -90.500           0.096
54.500      -89.500           0.097
54.500      -88.500           0.105
54.500      -87.500           0.110
54.500      -86.500           0.132
54.500      -85.500           0.140
54.500      -84.500           0.147
54.500      -83.500           0.122
54.500      -82.500           0.103
54.500      -81.500           0.139
54.500      -80.500           0.134
54.500      -79.500           0.147
54.500      -78.500           0.114
54.500      -77.500           0.105
54.500      -76.500           0.111
54.500      -75.500           0.120
54.500      -74.500           0.124
54.500      -73.500           0.166
54.500      -72.500           0.170
54.500      -71.500           0.157
54.500      -70.500           0.206
54.500      -69.500           0.174
54.500      -68.500           0.189
54.500      -67.500           0.202
54.500      -66.500           0.196
54.500      -65.500           0.192
54.500      -64.500           0.174
54.500      -63.500           0.218
54.500      -62.500           0.246
54.500      -61.500           0.112
54.500      -60.500           0.140
