Latitude	Longitude	pm25
33.553056	-86.815	9.3817705
33.499722	-86.924167	10.416129
34.342904	-87.33973	5.884314
34.68767	-86.58637	9.137705
32.40712	-86.256367	9.519672
32.476781	-84.99911	11.05
55.324675	-160.508331	2.537778
63.725344	-148.965726	1.372549
64.840672	-147.722461	11.199123
64.84569	-147.727413	21.031579
64.762973	-147.310297	41.511111
59.982667	-152.661089	1.410204
62.314754	-150.317909	1.307653
66.93093	-151.49188	1.765909
34.058475	-109.441259	2.506818
31.3492	-109.539683	7.118182
32.117069	-109.467589	3.24898
36.077814	-112.129551	1.793939
35.973117	-111.984846	2.178
35.140635	-111.969938	3.661702
33.6547	-111.1074	3.629412
34.090866	-110.942801	3.120455
33.503833	-112.095767	8.1465715
33.503833	-112.095767	8.4016135
35.588726	-113.489025	5.965625
36.019302	-114.069205	2.966667
34.8225	-109.891944	2.94
31.95	-112.801	4.096
32.174538	-110.737116	4.072549
32.29515	-110.9823	6.566304
32.248712	-111.218494	5.173469
33.293465	-111.285594	3.958
34.340556	-111.683923	3.079167
35.825893	-93.203187	5.732
34.454406	-94.143316	5.083333
34.756189	-92.281296	10.838983
37.687526	-121.784217	9.231667
37.814781	-122.282347	9.318033
39.761538	-121.84162	10.221311
41.561111	-124.082778	2.544
38.976	-120.103506	1.763415
36.781333	-119.77319	12.146667
36.785322	-119.774174	15.95042
37.22064	-119.155557	2.537255
32.676186	-115.484144	13.658929
36.508611	-116.847778	1.990909
35.356092	-119.041209	15.641562
34.821944	-118.886667	4.1
34.06659	-118.22688	12.373276
34.813056	-118.883889	3.15098
38.123056	-122.908333	5.76383
37.713259	-119.704867	2.6552085
38.088023	-119.178069	2.045455
39.808333	-120.471667	13.24
39.81336	-120.47069	22.275862
33.99958	-117.41601	13.5461585
33.463644	-116.971457	4.318605
38.613779	-121.368014	12.064754
38.558228	-121.492981	10.54
36.485217	-121.156556	3.964706
34.071389	-116.390556	3.252941
34.193925	-116.914063	3.558824
32.791194	-116.942092	10.606
33.127711	-117.075325	11.268333
34.733889	-120.008349	4
37.348497	-121.894898	11.257426
40.536806	-121.573569	1.564
41.711944	-121.508889	1.45098
38.102507	-122.237976	8.909836
37.641583	-120.994622	14.814754
40.786247	-122.805707	1.472
36.498889	-118.823889	5.407843
36.332179	-119.291228	18.457143
34.275736	-118.684731	7.858209
39.826007	-104.937438	10.618966
37.724919	-105.519073	3.154902
39.77949	-105.00518	7.877551
40.5383	-106.6766	1.594
37.30389	-107.484167	3.62549
40.277204	-105.545595	1.860417
37.198333	-108.490278	3.3895835
39.154	-106.821	1.74902
39.9153	-107.6345	1.798039
37.659409	-107.800541	2.713725
40.209387	-104.82405	8.357895
41.821342	-73.297257	3.503922
41.3014	-72.902871	9.182105
39.155	-75.518056	8.479661
39.739444	-75.558056	9.276744
38.880833	-77.0325	6.994
38.921847	-77.013178	9.5825
26.083143	-80.237586	7.625882
28.748678	-82.554769	6.594118
27.96565	-82.2304	8.544737
30.439722	-84.346389	9.636842
25.388333	-80.683333	5.580392
27.850348	-82.714465	7.745902
30.0925	-84.161111	6.82449
32.777455	-83.641096	9.486441
30.740718	-82.128154	6.358824
33.945833	-83.372222	10.062069
31.513287	-82.750141	8.277966
33.68797	-84.29048	10.292929
34.26054	-85.32333	10.556667
34.785197	-84.626422	5.22
32.42905	-84.9316	10.078689
33.433349	-82.022217	9.796364
34.97889	-85.30098	9.881967
19.433611	-155.261111	5.482
21.323745	-158.088613	4.619469
20.7585	-156.24789	2.478378
43.600699	-116.347853	11.983621
43.460556	-113.562222	1.808511
44.170385	-114.928034	1.460465
40.052242	-88.372549	7.954902
41.912862	-87.722723	10.763333
41.7514	-87.713488	10.58
42.139996	-87.799227	8.975581
41.771071	-88.152534	9.208475
38.700632	-90.144763	1.036364
38.848382	-90.076413	10.181667
38.525945	-90.0391	9.454098
38.277675	-85.740153	11.470175
38.391443	-86.92916	10.669492
41.656905	-85.968372	10.135593
40.009525	-85.523455	9.647368
41.60668	-87.304729	11.272881
39.811097	-86.114469	10.921505
38.013248	-87.577856	10.303333
41.97677	-91.68766	9.578333
40.969112	-95.044951	6.828
41.603159	-93.643118	8.320339
41.530011	-90.587611	10.222124
40.695078	-92.006318	6.380392
38.434141	-96.5605	6.054
37.702066	-97.314847	8.855932
38.770081	-99.763424	5.302
39.117219	-94.635605	10.665306
38.45934	-82.64041	9.457627
38.23887	-82.9881	8.031667
37.131944	-86.147778	6.317647
38.06503	-84.49761	9.354098
38.22876	-85.65452	10.959322
32.53626	-93.74891	10.228302
30.46198	-91.17922	10.474766
30.108633	-89.761683	5.895349
46.69634	-68.032614	3.390196
44.107524	-70.729165	3.009804
43.832458	-70.063815	3.775
44.37705	-68.2609	2.909804
44.94798	-68.64788	3.983333
45.125837	-67.265408	2.581818
39.310833	-76.474444	10.581319
39.70595	-79.012	5.154902
39.055277	-76.878333	8.659821
41.975804	-70.023598	4.822222
41.330469	-70.785225	4.693878
42.19438	-72.555112	7.630508
42.298493	-72.334079	3.584314
42.3295	-71.0826	7.963429
42.984173	-85.671339	9.293617
47.9167	-89.150075	2.286275
41.995568	-83.946559	8.693103
44.310555	-84.891865	6.195
41.763889	-83.471944	9.863636
41.923582	-83.34573	8.976
42.953336	-82.456229	10.134426
46.288877	-85.950227	2.554167
42.22862	-83.2082	9.5725
42.302786	-83.10653	12.149153
42.306674	-83.148754	11.155932
45.13768	-93.207615	8.594915
44.95366	-93.25821	8.853097
47.948622	-91.495574	2.669767
43.996908	-92.450366	8.457377
43.71579	-96.191613	7.091667
48.413333	-92.830556	2.633333
43.937299	-91.405348	5.429412
32.329111	-90.182722	10.99375
37.69	-94.035	6.611765
39.30309	-94.376623	9.0525
38.448633	-90.39854	9.106612
37.90084	-90.42388	9.35812
36.97	-90.14	6.846
36.613879	-92.92228	6.080392
38.656498	-90.198646	11.363025
47.582225	-108.720383	2.089583
48.510165	-113.996536	2.298039
47.773283	-114.269975	1.477551
46.8505	-111.987164	3.816
46.826103	-111.711573	1.259184
47.122091	-113.155326	1.356
45.859686	-114.001032	1.217391
48.30795	-105.102866	3.323256
45.648333	-106.556667	2.052
47.954771	-115.671925	1.454902
48.487054	-104.476346	3.674468
46.002602	-112.501247	9.668657
41.247486	-95.973142	9.262
41.762681	-102.434108	2.960784
41.888789	-100.339141	3.646
36.141895	-115.078725	7.716842
41.892499	-115.427015	1.752941
39.525083	-119.807717	9.663025
39.005278	-114.215833	1.944186
44.308167	-71.217694	2.556863
42.86175	-71.878389	2.784
42.862536	-71.380172	4.331915
39.464872	-74.448736	5.781633
39.934446	-75.125291	10.564368
40.720989	-74.192892	9.863265
40.472825	-74.422403	9.371732
40.787628	-74.676301	7.627551
40.64144	-74.208365	11.266667
35.1343	-106.5852	5.753535
33.220502	-108.235719	2.677083
33.459914	-104.404711	6.792157
33.468809	-105.535444	4.152941
35.804167	-106.298056	2.945098
36.013945	-106.845299	2.511628
33.869593	-106.852584	4.418182
36.58544	-105.452563	2.104444
42.64225	-73.75464	8.391379
42.876907	-78.809526	10.418644
44.39308	-73.8589	4.886667
43.14618	-77.54817	7.581481
40.71436	-73.99518	11.127586
40.73614	-73.82153	8.980165
42.09142	-77.20978	6.617476
35.972222	-81.933056	4.851064
35.6075	-82.583333	8.756667
35.728889	-81.365556	10.108772
35.814444	-80.2625	9.807018
36.110556	-80.226667	9.280357
35.379167	-82.7925	3.426
35.45109	-76.207165	5.717391
35.2401	-80.785683	9.422414
35.551868	-80.395039	9.965
35.856111	-78.574167	9.349123
46.8943	-103.37853	3.147826
48.64193	-102.4018	4.50625
46.933754	-96.85535	8.290756
41.477011	-81.682383	12.524561
41.492117	-81.678449	14.4233685
40.0877	-82.959773	10.872131
39.12886	-84.50404	10.5875
40.36644	-80.61558	22.225
40.32207	-80.6063	15.764286
38.508114	-82.659301	11.166071
41.463071	-82.114261	10.243103
41.620633	-83.64225	10.68
41.095938	-80.658516	11.633333
39.760659	-84.187678	11.008475
39.940029	-81.3387	6.74902
39.83562	-84.72049	9.682051
40.786878	-81.394186	11.088136
41.087956	-81.541611	13.771698
35.750735	-94.669697	7.432
34.732404	-98.713351	5.31
36.085509	-99.935376	5.006122
35.614131	-97.475083	7.933333
36.204902	-95.976537	9.3875
45.28845	-121.782775	1.3
42.104278	-123.681083	2.181818
42.91	-122.139722	1.019608
44.19982	-122.044547	1.146
45.496641	-122.602877	7.887129
45.224748	-118.513962	2.454902
45.079864	-116.844808	3.204082
39.92002	-77.30968	8.575439
40.46542	-79.960757	10.930303
40.323768	-79.868062	12.603279
40.38335	-75.9686	9.603333
40.309722	-78.915	11.419672
40.811389	-77.877028	8.47069
39.834461	-75.768242	10.103333
40.246992	-76.846988	11.996552
42.14175	-80.038611	8.493333
41.442778	-75.623056	8.816667
40.046667	-76.283333	11.584746
40.628056	-75.341111	10.062295
39.991389	-75.080833	10.02381
39.922867	-75.186921	10.495
40.035985	-75.002405	9.283146
40.445278	-80.420833	9.256897
40.304694	-79.505667	10.301639
39.965278	-76.699444	10.483051
41.841573	-71.36077	7.155833
32.941023	-79.657187	6.964
34.615367	-80.198787	8.415254
34.843895	-82.414585	10.231148
34.093959	-80.962304	9.0875
43.5578	-103.4839	2.234043
43.74561	-101.941218	2.377551
43.54792	-96.700769	8.056731
35.63149	-83.943512	5.044681
36.176326	-86.738902	9.914754
35.050928	-85.292975	9.932727
36.019186	-83.87381	9.868852
35.115968	-87.469954	8.815254
35.151194	-90.041559	12.4
35.151699	-89.850249	9.578261
29.3025	-103.16782	5.252941
26.06961	-97.162206	11.072
31.833333	-104.809722	7.717778
32.774262	-96.797686	10.577273
32.819952	-96.860082	9.798947
32.482082	-97.026922	8.817241
31.765698	-106.45522	10.072072
29.901037	-95.326125	10.716949
29.670025	-95.128508	9.501543
32.668987	-94.167457	9.038333
27.811814	-97.465701	9.106897
30.483168	-97.872301	6.933333
40.902967	-111.884467	10.015
37.618383	-112.174368	2.022
40.736389	-111.872222	10.84
38.458611	-109.821111	2.439216
40.341389	-111.713611	11.496667
37.1983	-113.1506	2.530612
38.302177	-111.293349	2.278431
44.52839	-72.86884	3.15
44.480278	-73.214444	6.381915
42.9561	-72.9098	2.91
37.55652	-77.40027	9.378947
38.521986	-78.435833	4.616667
37.62668	-79.51257	6.027451
48.29786	-124.62491	1.6
48.006295	-122.973953	1.695294
45.648333	-122.586944	7.3225
45.64987	-122.5901	14.7
47.568236	-122.308628	5.628196
47.399815	-121.427096	1.266
45.666204	-121.000708	3.792157
46.624347	-121.386869	0.83
48.387531	-119.928671	1.026
47.1864	-122.4517	9.443636
46.758333	-122.124444	1.794118
48.054315	-122.171529	9.815517
48.73142	-121.065815	1.012766
46.598056	-120.499167	9.285965
38.448833	-81.684717	8.430435
38.366183	-81.693717	9.742105
39.915961	-80.733858	11.460345
39.105336	-79.425851	4.605882
44.50729	-87.99344	8.031148
43.466111	-88.621111	8.376271
43.060975	-87.913504	9.7575
45.2066	-90.5972	6.74
43.020075	-88.21507	9.289474
44.6522	-105.2903	2.462791
44.33344	-106.957181	1.578378
41.182227	-104.778334	3.961062
44.744723	-109.382366	1.65
42.974831	-109.758655	1.725
42.846483	-109.639733	1.622917
44.565217	-110.400996	1.454348
18.336389	-64.796389	5.063265
